 1.206640172e-01  1.612946182e-02  2.007823184e-02  1.125434761e-02  8.578703625e-03  8.103637682e-03  6.381409772e-03  5.230272105e-03  4.639498438e-03  4.086822887e-03 
 1.612946182e-02  9.490303848e-02  1.450197217e-02  1.930073230e-02  1.302283812e-02  8.009159336e-03  8.154281194e-03  7.688811827e-03  6.989879846e-03  6.670126133e-03 
 2.007823184e-02  1.450197217e-02  7.810511809e-02  1.398102281e-02  1.635030502e-02  1.479071371e-02  8.871983275e-03  6.529351789e-03  6.117865274e-03  5.176303229e-03 
 1.125434761e-02  1.930073230e-02  1.398102281e-02  6.626668984e-02  1.526542497e-02  1.184888090e-02  1.446349084e-02  1.196416365e-02  9.736373631e-03  9.471438782e-03 
 8.578703625e-03  1.302283812e-02  1.635030502e-02  1.526542497e-02  5.754726082e-02  1.801652249e-02  6.396950977e-03  9.844431435e-03  1.098918460e-02  9.303002111e-03 
 8.103637682e-03  8.009159336e-03  1.479071371e-02  1.184888090e-02  1.801652249e-02  5.090887174e-02  1.982790226e-02  8.230084335e-03  4.818008433e-03  5.043501313e-03 
 6.381409772e-03  8.154281194e-03  8.871983275e-03  1.446349084e-02  6.396950977e-03  1.982790226e-02  4.548515982e-02  2.247700920e-02  1.516019317e-02  1.469268283e-02 
 5.230272105e-03  7.688811827e-03  6.529351789e-03  1.196416365e-02  9.844431435e-03  8.230084335e-03  2.247700920e-02  4.108699224e-02  2.540145427e-02  2.142768166e-02 
 4.639498438e-03  6.989879846e-03  6.117865274e-03  9.736373631e-03  1.098918460e-02  4.818008433e-03  1.516019317e-02  2.540145427e-02  3.762417519e-02  2.295292729e-02 
 4.086822887e-03  6.670126133e-03  5.176303229e-03  9.471438782e-03  9.303002111e-03  5.043501313e-03  1.469268283e-02  2.142768166e-02  2.295292729e-02  3.477160092e-02 
