 8.832925441e+00  1.003261624e+00  1.662449021e+00  5.801100687e-01  4.357819998e-01  3.257390687e-01  2.357223284e-01  2.011457437e-01  1.631141427e-01  1.295082442e-01  1.710363847e-01 
 1.003261624e+00  1.203604206e+01  1.234342218e+00  3.012334124e+00  1.068498301e+00  7.253088335e-01  6.496528672e-01  4.692394351e-01  3.307836852e-01  2.497153204e-01  3.613765715e-01 
 1.662449021e+00  1.234342218e+00  1.545055355e+01  1.959804950e+00  4.075336669e+00  1.640024407e+00  8.656319565e-01  8.530595822e-01  6.425532033e-01  4.575384130e-01  5.367881105e-01 
 5.801100687e-01  3.012334124e+00  1.959804950e+00  1.914077076e+01  3.540179147e+00  4.690379378e+00  2.518131505e+00  1.032921182e+00  7.150096257e-01  6.440020462e-01  9.562868517e-01 
 4.357819998e-01  1.068498301e+00  4.075336669e+00  3.540179147e+00  2.315327921e+01  5.930949082e+00  4.603493876e+00  3.355431242e+00  1.602406731e+00  7.581667260e-01  8.482668295e-01 
 3.257390687e-01  7.253088335e-01  1.640024407e+00  4.690379378e+00  5.930949082e+00  2.768193315e+01  9.284430567e+00  3.378526127e+00  2.943409221e+00  2.009244119e+00  2.053535270e+00 
 2.357223284e-01  6.496528672e-01  8.656319565e-01  2.518131505e+00  4.603493876e+00  9.284430567e+00  3.271322580e+01  1.289035227e+01  8.577668653e-01  2.198453320e+00  3.650520250e+00 
 2.011457437e-01  4.692394351e-01  8.530595822e-01  1.032921182e+00  3.355431242e+00  3.378526127e+00  1.289035227e+01  3.784572251e+01  1.443587562e+01  1.933443103e+00  2.167880245e+00 
 1.631141427e-01  3.307836852e-01  6.425532033e-01  7.150096257e-01  1.602406731e+00  2.943409221e+00  8.577668653e-01  1.443587562e+01  4.763725163e+01  1.939217218e+01  5.810897147e+00 
 1.295082442e-01  2.497153204e-01  4.575384130e-01  6.440020462e-01  7.581667260e-01  2.009244119e+00  2.198453320e+00  1.933443103e+00  1.939217218e+01  6.094326486e+01  3.031515190e+01 
 1.710363847e-01  3.613765715e-01  5.367881105e-01  9.562868517e-01  8.482668295e-01  2.053535270e+00  3.650520250e+00  2.167880245e+00  5.810897147e+00  3.031515190e+01  5.570274038e+01 
