 8.872766091e+00  1.100254679e+00  1.860144517e+00  6.060560097e-01  4.013355577e-01  3.404554676e-01  2.232994609e-01  1.538692542e-01  1.819734562e-01  4.629134285e-02 
 1.100254679e+00  1.179347504e+01  1.659071878e+00  2.726039579e+00  1.106995824e+00  5.293204767e-01  4.226461564e-01  2.685876763e-01  3.087872696e-01  4.266990797e-01 
 1.860144517e+00  1.659071878e+00  1.520304383e+01  2.889044496e+00  3.318425397e+00  1.882845566e+00  7.587057438e-01  4.206346564e-01  5.812354540e-01  2.288611516e-01 
 6.060560097e-01  2.726039579e+00  2.889044496e+00  1.910016962e+01  5.206548897e+00  3.423896232e+00  2.311220321e+00  1.066288468e+00  7.801551768e-01  1.003779749e+00 
 4.013355577e-01  1.106995824e+00  3.318425397e+00  5.206548897e+00  2.363959888e+01  8.788924283e+00  1.678063472e+00  1.732083586e+00  2.325764084e+00  1.627851832e+00 
 3.404554676e-01  5.293204767e-01  1.882845566e+00  3.423896232e+00  8.788924283e+00  2.877709620e+01  1.170262247e+01  1.115317579e+00  2.877258717e+00  5.166420676e-01 
 2.232994609e-01  4.226461564e-01  7.587057438e-01  2.311220321e+00  1.678063472e+00  1.170262247e+01  3.682624450e+01  1.418856055e+01  1.712309341e+00  3.659730357e+00 
 1.538692542e-01  2.685876763e-01  4.206346564e-01  1.066288468e+00  1.732083586e+00  1.115317579e+00  1.418856055e+01  5.250652844e+01  2.238541621e+01  1.072050482e+01 
 1.819734562e-01  3.087872696e-01  5.812354540e-01  7.801551768e-01  2.325764084e+00  2.877258717e+00  1.712309341e+00  2.238541621e+01  5.695419758e+01  2.250498121e+01 
 4.629134285e-02  4.266990797e-01  2.288611516e-01  1.003779749e+00  1.627851832e+00  5.166420676e-01  3.659730357e+00  1.072050482e+01  2.250498121e+01  5.262439958e+01 
