 8.273939240e+00  9.603163712e-01  1.278926856e+00  4.112324213e-01  2.807684585e-01  1.805412892e-01  1.257479010e-01  1.008009503e-01  8.424153582e-02  8.637600156e-02  6.196920534e-02  5.156035608e-02  6.970766354e-02 
 9.603163712e-01  1.085420932e+01  1.200197486e+00  2.061791637e+00  6.656798599e-01  4.415472218e-01  3.130323644e-01  2.119739809e-01  1.711699663e-01  1.653551124e-01  1.203805709e-01  1.002165349e-01  1.306313540e-01 
 1.278926856e+00  1.200197486e+00  1.360203761e+01  1.572111110e+00  2.717173447e+00  9.302365779e-01  5.529847310e-01  4.528801863e-01  3.091737406e-01  2.610860558e-01  1.850758570e-01  1.553066708e-01  2.125929419e-01 
 4.112324213e-01  2.061791637e+00  1.572111110e+00  1.644523878e+01  2.269818711e+00  3.193196789e+00  1.319103488e+00  6.355455305e-01  5.675684710e-01  4.359451169e-01  2.960791162e-01  2.328444977e-01  2.950933714e-01 
 2.807684585e-01  6.656798599e-01  2.717173447e+00  2.269818711e+00  1.948995614e+01  3.392893582e+00  3.549493902e+00  1.920829966e+00  7.459566989e-01  5.749048863e-01  4.533558738e-01  3.905581861e-01  5.133988102e-01 
 1.805412892e-01  4.415472218e-01  9.302365779e-01  3.193196789e+00  3.392893582e+00  2.294811947e+01  5.403662579e+00  3.960182130e+00  2.592857581e+00  1.176261727e+00  6.153471514e-01  4.939552152e-01  7.072722713e-01 
 1.257479010e-01  3.130323644e-01  5.529847310e-01  1.319103488e+00  3.549493902e+00  5.403662579e+00  2.695306482e+01  8.253085350e+00  3.566857416e+00  2.481534223e+00  1.543182507e+00  9.780967541e-01  1.001411031e+00 
 1.008009503e-01  2.119739809e-01  4.528801863e-01  6.355455305e-01  1.920829966e+00  3.960182130e+00  8.253085350e+00  3.129324263e+01  1.019043207e+01  1.236870626e+00  2.058419673e+00  1.967817617e+00  2.390068596e+00 
 8.424153582e-02  1.711699663e-01  3.091737406e-01  5.675684710e-01  7.459566989e-01  2.592857581e+00  3.566857416e+00  1.019043207e+01  3.530151030e+01  1.248046163e+01  1.520005056e+00  1.992734215e+00  3.583304113e+00 
 8.637600156e-02  1.653551124e-01  2.610860558e-01  4.359451169e-01  5.749048863e-01  1.176261727e+00  2.481534223e+00  1.236870626e+00  1.248046163e+01  4.503291147e+01  2.113077856e+01  3.314126913e+00  2.623782916e+00 
 6.196920534e-02  1.203805709e-01  1.850758570e-01  2.960791162e-01  4.533558738e-01  6.153471514e-01  1.543182507e+00  2.058419673e+00  1.520005056e+00  2.113077856e+01  6.118039242e+01  2.449602864e+01  9.167590657e+00 
 5.156035608e-02  1.002165349e-01  1.553066708e-01  2.328444977e-01  3.905581861e-01  4.939552152e-01  9.780967541e-01  1.967817617e+00  1.992734215e+00  3.314126913e+00  2.449602864e+01  7.140399145e+01  3.418884807e+01 
 6.970766354e-02  1.306313540e-01  2.125929419e-01  2.950933714e-01  5.133988102e-01  7.072722713e-01  1.001411031e+00  2.390068596e+00  3.583304113e+00  2.623782916e+00  9.167590657e+00  3.418884807e+01  6.314317931e+01 
