 1.259110739e-01  1.484745479e-02  1.562140620e-02  8.146757972e-03  6.489228829e-03  4.886310128e-03  3.791712834e-03  3.295548798e-03  2.804087509e-03  2.415525124e-03  2.192149225e-03  2.028072413e-03  1.893437130e-03 
 1.484745479e-02  9.930151540e-02  1.340968995e-02  1.655569564e-02  8.996820318e-03  7.112126349e-03  5.880266883e-03  4.530152823e-03  3.946134625e-03  3.473324444e-03  3.135937512e-03  2.862094803e-03  2.646150267e-03 
 1.562140620e-02  1.340968995e-02  8.185324664e-02  1.173914558e-02  1.550537234e-02  9.144761393e-03  6.689766928e-03  6.328249130e-03  4.924273415e-03  4.010456945e-03  3.690301306e-03  3.472618405e-03  3.268672566e-03 
 8.146757972e-03  1.655569564e-02  1.173914558e-02  6.951755669e-02  1.071799765e-02  1.368309311e-02  9.492862888e-03  6.033402009e-03  6.058467493e-03  5.187669185e-03  4.426211209e-03  3.894389247e-03  3.551258985e-03 
 6.489228829e-03  8.996820318e-03  1.550537234e-02  1.071799765e-02  6.032506249e-02  1.046230783e-02  1.172435239e-02  1.031843941e-02  5.948672609e-03  5.017982290e-03  5.132917289e-03  4.953571510e-03  4.643148411e-03 
 4.886310128e-03  7.112126349e-03  9.144761393e-03  1.368309311e-02  1.046230783e-02  5.320975312e-02  1.117865063e-02  9.647690071e-03  1.056597511e-02  6.907568903e-03  4.927265081e-03  4.329451916e-03  4.177975622e-03 
 3.791712834e-03  5.880266883e-03  6.689766928e-03  9.492862888e-03  1.172435239e-02  1.117865063e-02  4.759833685e-02  1.286169434e-02  6.653744036e-03  8.998150065e-03  8.375308987e-03  6.987326147e-03  5.899882155e-03 
 3.295548798e-03  4.530152823e-03  6.328249130e-03  6.033402009e-03  1.031843941e-02  9.647690071e-03  1.286169434e-02  4.311457841e-02  1.349964011e-02  4.264898247e-03  6.627760054e-03  7.751550023e-03  7.745535564e-03 
 2.804087509e-03  3.946134625e-03  4.924273415e-03  6.058467493e-03  5.948672609e-03  1.056597511e-02  6.653744036e-03  1.349964011e-02  3.927693329e-02  1.381456898e-02  5.662851970e-03  3.776968195e-03  4.605418293e-03 
 2.415525124e-03  3.473324444e-03  4.010456945e-03  5.187669185e-03  5.017982290e-03  6.907568903e-03  8.998150065e-03  4.264898247e-03  1.381456898e-02  3.590908946e-02  1.824640728e-02  1.088824684e-02  6.868422057e-03 
 2.192149225e-03  3.135937512e-03  3.690301306e-03  4.426211209e-03  5.132917289e-03  4.927265081e-03  8.375308987e-03  6.627760054e-03  5.662851970e-03  1.824640728e-02  3.332447405e-02  1.958630845e-02  1.490161416e-02 
 2.028072413e-03  2.862094803e-03  3.472618405e-03  3.894389247e-03  4.953571510e-03  4.329451916e-03  6.987326147e-03  7.751550023e-03  3.776968195e-03  1.088824684e-02  1.958630845e-02  3.112983334e-02  1.983728627e-02 
 1.893437130e-03  2.646150267e-03  3.268672566e-03  3.551258985e-03  4.643148411e-03  4.177975622e-03  5.899882155e-03  7.745535564e-03  4.605418293e-03  6.868422057e-03  1.490161416e-02  1.983728627e-02  2.921204558e-02 
