 8.238653959e+00  9.476895905e-01  1.183384021e+00  3.818041880e-01  2.561647771e-01  1.654554058e-01  1.149217019e-01  9.363502602e-02  7.740035708e-02  7.764753963e-02  5.491423684e-02  4.711590551e-02  6.428103955e-02 
 9.476895905e-01  1.084949031e+01  1.225620938e+00  1.999104363e+00  6.535570611e-01  4.255964088e-01  3.067780115e-01  2.135075007e-01  1.708361251e-01  1.604298935e-01  1.152564479e-01  1.002016788e-01  1.345066356e-01 
 1.183384021e+00  1.225620938e+00  1.363356462e+01  1.623931710e+00  2.708327537e+00  9.531709923e-01  5.509904504e-01  4.677942815e-01  3.336245569e-01  2.725426628e-01  1.874227785e-01  1.624638733e-01  2.239082673e-01 
 3.818041880e-01  1.999104363e+00  1.623931710e+00  1.658222589e+01  2.412554891e+00  3.268025060e+00  1.405980115e+00  6.611981640e-01  6.211937608e-01  4.654422496e-01  3.128029412e-01  2.558447712e-01  3.308979136e-01 
 2.561647771e-01  6.535570611e-01  2.708327537e+00  2.412554891e+00  1.979931206e+01  3.728496639e+00  3.664464137e+00  2.127039140e+00  8.694455249e-01  6.024171887e-01  4.634940592e-01  4.297601259e-01  5.802442095e-01 
 1.654554058e-01  4.255964088e-01  9.531709923e-01  3.268025060e+00  3.728496639e+00  2.353713361e+01  5.993254991e+00  3.908886385e+00  3.023545735e+00  1.383904605e+00  6.768528662e-01  5.179364910e-01  7.361239638e-01 
 1.149217019e-01  3.067780115e-01  5.509904504e-01  1.405980115e+00  3.664464137e+00  5.993254991e+00  2.795733756e+01  9.482443610e+00  3.731342031e+00  2.520057248e+00  1.629880005e+00  1.138768620e+00  1.210101163e+00 
 9.363502602e-02  2.135075007e-01  4.677942815e-01  6.611981640e-01  2.127039140e+00  3.908886385e+00  9.482443610e+00  3.301467918e+01  1.205379075e+01  9.628804658e-01  1.823026055e+00  2.026514195e+00  2.605105460e+00 
 7.740035708e-02  1.708361251e-01  3.336245569e-01  6.211937608e-01  8.694455249e-01  3.023545735e+00  3.731342031e+00  1.205379075e+01  3.613652555e+01  1.166632549e+01  1.761101063e+00  1.346922322e+00  2.825403073e+00 
 7.764753963e-02  1.604298935e-01  2.725426628e-01  4.654422496e-01  6.024171887e-01  1.383904605e+00  2.520057248e+00  9.628804658e-01  1.166632549e+01  4.538065632e+01  2.092753700e+01  3.901036615e+00  1.850031009e+00 
 5.491423684e-02  1.152564479e-01  1.874227785e-01  3.128029412e-01  4.634940592e-01  6.768528662e-01  1.629880005e+00  1.823026055e+00  1.761101063e+00  2.092753700e+01  6.259629720e+01  2.478906284e+01  1.003416963e+01 
 4.711590551e-02  1.002016788e-01  1.624638733e-01  2.558447712e-01  4.297601259e-01  5.179364910e-01  1.138768620e+00  2.026514195e+00  1.346922322e+00  3.901036615e+00  2.478906284e+01  7.292192454e+01  3.474061418e+01 
 6.428103955e-02  1.345066356e-01  2.239082673e-01  3.308979136e-01  5.802442095e-01  7.361239638e-01  1.210101163e+00  2.605105460e+00  2.825403073e+00  1.850031009e+00  1.003416963e+01  3.474061418e+01  6.456630512e+01 
