 8.799244363e+00  9.996081463e-01  1.620156774e+00  5.480930759e-01  4.286131536e-01  3.029990130e-01  2.204779517e-01  2.054009684e-01  1.715160532e-01  1.301856961e-01  1.577496605e-01 
 9.996081463e-01  1.197221207e+01  1.134200502e+00  2.945602783e+00  9.847639475e-01  7.370860742e-01  6.123154126e-01  4.302680012e-01  3.281440747e-01  2.709848965e-01  3.754180806e-01 
 1.620156774e+00  1.134200502e+00  1.535271238e+01  1.588672432e+00  4.079575742e+00  1.468148957e+00  9.228900827e-01  9.126621806e-01  6.665669593e-01  4.406604046e-01  4.993047925e-01 
 5.480930759e-01  2.945602783e+00  1.588672432e+00  1.899424901e+01  2.834482893e+00  4.889706353e+00  2.253644089e+00  9.688139189e-01  8.952009952e-01  7.740988392e-01  9.495428304e-01 
 4.286131536e-01  9.847639475e-01  4.079575742e+00  2.834482893e+00  2.291484003e+01  4.949397483e+00  5.260393490e+00  3.344199263e+00  1.455046988e+00  7.363460030e-01  1.154016956e+00 
 3.029990130e-01  7.370860742e-01  1.468148957e+00  4.889706353e+00  4.949397483e+00  2.737130050e+01  8.097206751e+00  4.633631949e+00  3.717083431e+00  2.095539040e+00  1.566634951e+00 
 2.204779517e-01  6.123154126e-01  9.228900827e-01  2.253644089e+00  5.260393490e+00  8.097206751e+00  3.230530816e+01  1.208016394e+01  1.922466938e+00  3.084286216e+00  4.048571783e+00 
 2.054009684e-01  4.302680012e-01  9.126621806e-01  9.688139189e-01  3.344199263e+00  4.633631949e+00  1.208016394e+01  3.757843667e+01  1.516917745e+01  1.064990710e+00  3.700905164e+00 
 1.715160532e-01  3.281440747e-01  6.665669593e-01  8.952009952e-01  1.455046988e+00  3.717083431e+00  1.922466938e+00  1.516917745e+01  4.494036365e+01  1.763529654e+01  3.207573047e+00 
 1.301856961e-01  2.709848965e-01  4.406604046e-01  7.740988392e-01  7.363460030e-01  2.095539040e+00  3.084286216e+00  1.064990710e+00  1.763529654e+01  5.739155393e+01  2.881552983e+01 
 1.577496605e-01  3.754180806e-01  4.993047925e-01  9.495428304e-01  1.154016956e+00  1.566634951e+00  4.048571783e+00  3.700905164e+00  3.207573047e+00  2.881552983e+01  5.301977382e+01 
