 1.207940535e-01  1.601502017e-02  1.865865117e-02  1.050300128e-02  9.535576394e-03  7.705612291e-03  6.196014663e-03  5.816129404e-03  5.186313892e-03  4.542225428e-03  4.098033471e-03 
 1.601502017e-02  9.418711162e-02  1.412368003e-02  2.118973245e-02  1.186155065e-02  1.074934573e-02  9.803480713e-03  7.357522607e-03  6.582623108e-03  6.355022489e-03  6.005083915e-03 
 1.865865117e-02  1.412368003e-02  7.741280410e-02  1.172567718e-02  2.028515307e-02  1.233782683e-02  9.347503035e-03  1.033928610e-02  8.495260626e-03  6.705807368e-03  5.852791663e-03 
 1.050300128e-02  2.118973245e-02  1.172567718e-02  6.579446544e-02  1.056352319e-02  1.795572245e-02  1.357420747e-02  7.398369572e-03  8.440557798e-03  8.818379640e-03  8.201787895e-03 
 9.535576394e-03  1.186155065e-02  2.028515307e-02  1.056352319e-02  5.725200137e-02  1.101832894e-02  1.445022627e-02  1.480254548e-02  8.913554311e-03  5.850904113e-03  5.694621086e-03 
 7.705612291e-03  1.074934573e-02  1.233782683e-02  1.795572245e-02  1.101832894e-02  5.070096791e-02  1.282504307e-02  9.559197417e-03  1.359609388e-02  1.170990859e-02  9.338538246e-03 
 6.196014663e-03  9.803480713e-03  9.347503035e-03  1.357420747e-02  1.445022627e-02  1.282504307e-02  4.552950890e-02  1.522808270e-02  4.439347083e-03  9.086563129e-03  1.044132384e-02 
 5.816129404e-03  7.357522607e-03  1.033928610e-02  7.398369572e-03  1.480254548e-02  9.559197417e-03  1.522808270e-02  4.131735353e-02  1.683375269e-02  5.932660686e-03  3.326808897e-03 
 5.186313892e-03  6.582623108e-03  8.495260626e-03  8.440557798e-03  8.913554311e-03  1.359609388e-02  4.439347083e-03  1.683375269e-02  3.775991997e-02  1.842800137e-02  1.163993591e-02 
 4.542225428e-03  6.355022489e-03  6.705807368e-03  8.818379640e-03  5.850904113e-03  1.170990859e-02  9.086563129e-03  5.932660686e-03  1.842800137e-02  3.479570962e-02  2.086276177e-02 
 4.098033471e-03  6.005083915e-03  5.852791663e-03  8.201787895e-03  5.694621086e-03  9.338538246e-03  1.044132384e-02  3.326808897e-03  1.163993591e-02  2.086276177e-02  3.232238194e-02 
