 9.308975520e+00  1.508202898e+00  2.540218364e+00  1.254945884e+00  3.902660185e-01  3.112616259e-01  4.250464422e-01  2.660449991e-01 
 1.508202898e+00  1.260523280e+01  3.129868005e+00  3.043293887e+00  1.932655168e+00  8.607017527e-01  5.914533770e-01  8.131249434e-01 
 2.540218364e+00  3.129868005e+00  1.678741749e+01  6.273351908e+00  2.488827897e+00  1.355051838e+00  1.705918978e+00  1.198952964e+00 
 1.254945884e+00  3.043293887e+00  6.273351908e+00  2.139547596e+01  8.863028807e+00  9.129176998e-01  2.170846406e+00  5.706025528e-01 
 3.902660185e-01  1.932655168e+00  2.488827897e+00  8.863028807e+00  2.747109493e+01  9.416617285e+00  1.729615691e+00  2.344200064e+00 
 3.112616259e-01  8.607017527e-01  1.355051838e+00  9.129176998e-01  9.416617285e+00  4.056510893e+01  1.824493322e+01  8.262542862e+00 
 4.250464422e-01  5.914533770e-01  1.705918978e+00  2.170846406e+00  1.729615691e+00  1.824493322e+01  4.768520087e+01  1.974187077e+01 
 2.660449991e-01  8.131249434e-01  1.198952964e+00  5.706025528e-01  2.344200064e+00  8.262542862e+00  1.974187077e+01  4.413428579e+01 
