 8.273459432e+00  9.602736503e-01  1.277930545e+00  4.106974725e-01  2.802735854e-01  1.801916054e-01  1.254766990e-01  1.006492937e-01  8.400998236e-02  8.618711161e-02  6.182221419e-02  5.147191834e-02  6.958042752e-02 
 9.602736503e-01  1.085410964e+01  1.200487100e+00  2.061119770e+00  6.650330172e-01  4.410343318e-01  3.126911145e-01  2.119164062e-01  1.709697612e-01  1.651598529e-01  1.202495886e-01  1.001924244e-01  1.306953908e-01 
 1.277930545e+00  1.200487100e+00  1.360145141e+01  1.572032788e+00  2.715080021e+00  9.296312418e-01  5.524620923e-01  4.527386900e-01  3.092030636e-01  2.610872255e-01  1.849339696e-01  1.553386067e-01  2.126312711e-01 
 4.106974725e-01  2.061119770e+00  1.572032788e+00  1.644580465e+01  2.269583328e+00  3.191965861e+00  1.319378955e+00  6.354143161e-01  5.683123477e-01  4.360568103e-01  2.961795849e-01  2.331132991e-01  2.955964837e-01 
 2.802735854e-01  6.650330172e-01  2.715080021e+00  2.269583328e+00  1.949408825e+01  3.396916601e+00  3.553025324e+00  1.924392830e+00  7.480097428e-01  5.749806656e-01  4.534195478e-01  3.914686563e-01  5.149527971e-01 
 1.801916054e-01  4.410343318e-01  9.296312418e-01  3.191965861e+00  3.396916601e+00  2.295925418e+01  5.414533345e+00  3.959327589e+00  2.603989791e+00  1.181419570e+00  6.168894009e-01  4.946399871e-01  7.081566157e-01 
 1.254766990e-01  3.126911145e-01  5.524620923e-01  1.319378955e+00  3.553025324e+00  5.414533345e+00  2.697473578e+01  8.278906278e+00  3.575332154e+00  2.480262062e+00  1.546033618e+00  9.826428615e-01  1.006795388e+00 
 1.006492937e-01  2.119164062e-01  4.527386900e-01  6.354143161e-01  1.924392830e+00  3.959327589e+00  8.278906278e+00  3.133534442e+01  1.024078192e+01  1.222480840e+00  2.054717506e+00  1.974281872e+00  2.401636145e+00 
 8.400998236e-02  1.709697612e-01  3.092030636e-01  5.683123477e-01  7.480097428e-01  2.603989791e+00  3.575332154e+00  1.024078192e+01  3.532952644e+01  1.246908407e+01  1.531865388e+00  1.969906435e+00  3.559851814e+00 
 8.618711161e-02  1.651598529e-01  2.610872255e-01  4.360568103e-01  5.749806656e-01  1.181419570e+00  2.480262062e+00  1.222480840e+00  1.246908407e+01  4.504963499e+01  2.112757071e+01  3.327791930e+00  2.606714930e+00 
 6.182221419e-02  1.202495886e-01  1.849339696e-01  2.961795849e-01  4.534195478e-01  6.168894009e-01  1.546033618e+00  2.054717506e+00  1.531865388e+00  2.112757071e+01  6.124955075e+01  2.452609840e+01  9.202673120e+00 
 5.147191834e-02  1.001924244e-01  1.553386067e-01  2.331132991e-01  3.914686563e-01  4.946399871e-01  9.826428615e-01  1.974281872e+00  1.969906435e+00  3.327791930e+00  2.452609840e+01  7.148995517e+01  3.423231099e+01 
 6.958042752e-02  1.306953908e-01  2.126312711e-01  2.955964837e-01  5.149527971e-01  7.081566157e-01  1.006795388e+00  2.401636145e+00  3.559851814e+00  2.606714930e+00  9.202673120e+00  3.423231099e+01  6.321431287e+01 
