 6.547725388e+00  8.340067652e-01  1.435006049e+00  4.900509213e-01  2.931858903e-01  2.395610069e-01  1.508157760e-01  1.108658254e-01  2.586946544e-01  1.995362164e-01 
 8.340067652e-01  9.419849176e+00  1.511076031e+00  2.463293494e+00  1.205867090e+00  3.596182497e-01  2.803851039e-01  2.582976567e-01  1.509044126e-01  4.466480308e-01 
 1.435006049e+00  1.511076031e+00  1.292992768e+01  3.043543388e+00  2.964382493e+00  1.867609832e+00  8.299680021e-01  3.926093944e-01  8.238260074e-01  6.438818425e-01 
 4.900509213e-01  2.463293494e+00  3.043543388e+00  1.687684080e+01  6.178922468e+00  2.481658527e+00  1.229639342e+00  1.129426790e+00  8.949318784e-01  1.551069806e+00 
 2.931858903e-01  1.205867090e+00  2.964382493e+00  6.178922468e+00  2.158718519e+01  8.813770715e+00  1.076279788e+00  1.106789445e+00  8.343020999e-01  2.865135260e+00 
 2.395610069e-01  3.596182497e-01  1.867609832e+00  2.481658527e+00  8.813770715e+00  2.749802233e+01  9.450440390e+00  1.906221417e+00  2.449916106e+00  9.097774480e-01 
 1.508157760e-01  2.803851039e-01  8.299680021e-01  1.229639342e+00  1.076279788e+00  9.450440390e+00  4.084837672e+01  1.696497870e+01  7.510205113e+00  3.596396823e+00 
 1.108658254e-01  2.582976567e-01  3.926093944e-01  1.129426790e+00  1.106789445e+00  1.906221417e+00  1.696497870e+01  5.415272512e+01  1.619022728e+01  1.728710366e+01 
 2.586946544e-01  1.509044126e-01  8.238260074e-01  8.949318784e-01  8.343020999e-01  2.449916106e+00  7.510205113e+00  1.619022728e+01  4.618230028e+01  9.708875821e+00 
 1.995362164e-01  4.466480308e-01  6.438818425e-01  1.551069806e+00  2.865135260e+00  9.097774480e-01  3.596396823e+00  1.728710366e+01  9.708875821e+00  4.623937854e+01 
