 6.546864332e+00  8.352419363e-01  1.437718285e+00  4.947841958e-01  3.046507400e-01  2.431044027e-01  1.524078112e-01  1.725752410e-01  2.486418330e-01 
 8.352419363e-01  9.415534791e+00  1.516266656e+00  2.477817696e+00  1.232395474e+00  3.670068714e-01  2.945511755e-01  4.088428656e-01  2.446566103e-01 
 1.437718285e+00  1.516266656e+00  1.292096164e+01  3.042003884e+00  2.990958953e+00  1.879579850e+00  8.272596882e-01  5.535609956e-01  7.585789129e-01 
 4.947841958e-01  2.477817696e+00  3.042003884e+00  1.682481118e+01  6.270680332e+00  2.473707472e+00  1.344154109e+00  1.694483178e+00  1.182734213e+00 
 3.046507400e-01  1.232395474e+00  2.990958953e+00  6.270680332e+00  2.140965253e+01  8.855211795e+00  9.069174332e-01  2.164832945e+00  5.604632472e-01 
 2.431044027e-01  3.670068714e-01  1.879579850e+00  2.473707472e+00  8.855211795e+00  2.748012212e+01  9.411204814e+00  1.726937376e+00  2.334967763e+00 
 1.524078112e-01  2.945511755e-01  8.272596882e-01  1.344154109e+00  9.069174332e-01  9.411204814e+00  4.056865691e+01  1.824369849e+01  8.256839587e+00 
 1.725752410e-01  4.088428656e-01  5.535609956e-01  1.694483178e+00  2.164832945e+00  1.726937376e+00  1.824369849e+01  4.768975001e+01  1.974114189e+01 
 2.486418330e-01  2.446566103e-01  7.585789129e-01  1.182734213e+00  5.604632472e-01  2.334967763e+00  8.256839587e+00  1.974114189e+01  4.414372898e+01 
