 6.445140960e+00  7.912475465e-01  1.304377471e+00  4.176870784e-01  2.870605121e-01  2.455648881e-01  1.440659950e-01  1.097605641e-01  1.041060029e-01  6.732036943e-02 
 7.912475465e-01  9.264982675e+00  1.348785301e+00  2.324046522e+00  1.013427870e+00  3.759018784e-01  3.112791153e-01  2.453078641e-01  2.394031733e-01  3.461491425e-01 
 1.304377471e+00  1.348785301e+00  1.256506002e+01  2.611397184e+00  3.114627905e+00  1.845166095e+00  6.936922907e-01  4.046960437e-01  3.601221701e-01  2.260973698e-01 
 4.176870784e-01  2.324046522e+00  2.611397184e+00  1.646586317e+01  5.181085617e+00  2.927406469e+00  1.996157005e+00  1.025673262e+00  7.991814460e-01  9.637968234e-01 
 2.870605121e-01  1.013427870e+00  3.114627905e+00  5.181085617e+00  2.063652505e+01  8.404903529e+00  9.293288419e-01  7.966120373e-01  1.621386806e+00  1.654446756e+00 
 2.455648881e-01  3.759018784e-01  1.845166095e+00  2.927406469e+00  8.404903529e+00  2.600848548e+01  1.007942468e+01  1.881424976e+00  6.996725211e-01  5.474397582e-01 
 1.440659950e-01  3.112791153e-01  6.936922907e-01  1.996157005e+00  9.293288419e-01  1.007942468e+01  3.475212480e+01  1.311204751e+01  3.738531574e+00  2.949685833e+00 
 1.097605641e-01  2.453078641e-01  4.046960437e-01  1.025673262e+00  7.966120373e-01  1.881424976e+00  1.311204751e+01  5.021284844e+01  2.085614304e+01  1.069113323e+01 
 1.041060029e-01  2.394031733e-01  3.601221701e-01  7.991814460e-01  1.621386806e+00  6.996725211e-01  3.738531574e+00  2.085614304e+01  6.174476387e+01  2.979391607e+01 
 6.732036943e-02  3.461491425e-01  2.260973698e-01  9.637968234e-01  1.654446756e+00  5.474397582e-01  2.949685833e+00  1.069113323e+01  2.979391607e+01  5.788149026e+01 
