 1.209411320e-01  1.873922386e-02  2.548439665e-02  1.929065482e-02  1.022005128e-02  8.891196817e-03  8.717868254e-03  7.305920350e-03 
 1.873922386e-02  9.578805133e-02  1.891663194e-02  1.997133792e-02  2.148581721e-02  1.588384727e-02  1.238605734e-02  1.190184413e-02 
 2.548439665e-02  1.891663194e-02  7.923690692e-02  2.176213740e-02  1.107704809e-02  1.452197119e-02  1.496080637e-02  1.263868419e-02 
 1.929065482e-02  1.997133792e-02  2.176213740e-02  6.751822131e-02  2.524454927e-02  1.022206070e-02  6.066760327e-03  6.424672053e-03 
 1.022005128e-02  2.148581721e-02  1.107704809e-02  2.524454927e-02  5.873132518e-02  2.693597305e-02  1.892087631e-02  1.742356889e-02 
 8.891196817e-03  1.588384727e-02  1.452197119e-02  1.022206070e-02  2.693597305e-02  5.150197023e-02  3.166910971e-02  2.602808671e-02 
 8.717868254e-03  1.238605734e-02  1.496080637e-02  6.066760327e-03  1.892087631e-02  3.166910971e-02  4.607119088e-02  2.825059022e-02 
 7.305920350e-03  1.190184413e-02  1.263868419e-02  6.424672053e-03  1.742356889e-02  2.602808671e-02  2.825059022e-02  4.174096324e-02 
