 1.652821799e-01  1.933906087e-02  2.216614385e-02  1.210205551e-02  9.442696473e-03  8.881736296e-03  6.730688116e-03  5.564501048e-03  4.910138028e-03  4.241010798e-03 
 1.933906087e-02  1.220603881e-01  1.778217238e-02  2.426552320e-02  1.574600042e-02  9.435130907e-03  1.050813513e-02  9.630141335e-03  8.700674609e-03  8.284712715e-03 
 2.216614385e-02  1.778217238e-02  9.667588380e-02  1.675361158e-02  2.147695919e-02  1.879210921e-02  1.027712313e-02  7.720306780e-03  7.099808555e-03  5.933470240e-03 
 1.210205551e-02  2.426552320e-02  1.675361158e-02  7.999088908e-02  1.798567219e-02  1.564270904e-02  1.913205506e-02  1.517330386e-02  1.245875933e-02  1.189487599e-02 
 9.442696473e-03  1.574600042e-02  2.147695919e-02  1.798567219e-02  6.818915816e-02  2.079924567e-02  8.049191206e-03  1.096563399e-02  1.212523848e-02  9.803136309e-03 
 8.881736296e-03  9.435130907e-03  1.879210921e-02  1.564270904e-02  2.079924567e-02  5.939810934e-02  2.338060681e-02  1.066467429e-02  6.051350522e-03  7.007587245e-03 
 6.730688116e-03  1.050813513e-02  1.027712313e-02  1.913205506e-02  8.049191206e-03  2.338060681e-02  5.251633396e-02  2.458641980e-02  1.780663978e-02  1.628698100e-02 
 5.564501048e-03  9.630141335e-03  7.720306780e-03  1.517330386e-02  1.096563399e-02  1.066467429e-02  2.458641980e-02  4.669382904e-02  2.882749418e-02  2.330649501e-02 
 4.910138028e-03  8.700674609e-03  7.099808555e-03  1.245875933e-02  1.212523848e-02  6.051350522e-03  1.780663978e-02  2.882749418e-02  4.223726447e-02  2.493652728e-02 
 4.241010798e-03  8.284712715e-03  5.933470240e-03  1.189487599e-02  9.803136309e-03  7.007587245e-03  1.628698100e-02  2.330649501e-02  2.493652728e-02  3.860980703e-02 
