 1.645664509e-01  2.020058337e-02  2.412567973e-02  1.350365333e-02  1.010438435e-02  1.000165764e-02  8.023121740e-03  6.687454096e-03  5.798572460e-03  5.209721166e-03 
 2.020058337e-02  1.215442658e-01  1.818410824e-02  2.496401174e-02  1.730928958e-02  9.548231850e-03  9.928726987e-03  9.620514197e-03  9.111993799e-03  8.487804942e-03 
 2.412567973e-02  1.818410824e-02  9.626650073e-02  1.762754724e-02  2.101921008e-02  2.024721358e-02  1.272630421e-02  9.194750934e-03  7.416464756e-03  6.516247797e-03 
 1.350365333e-02  2.496401174e-02  1.762754724e-02  7.964389811e-02  1.958388874e-02  1.378724153e-02  1.788951666e-02  1.594929698e-02  1.429673153e-02  1.312644841e-02 
 1.010438435e-02  1.730928958e-02  2.101921008e-02  1.958388874e-02  6.788057586e-02  2.283696137e-02  6.889896939e-03  7.674568307e-03  9.030666789e-03  8.553466259e-03 
 1.000165764e-02  9.548231850e-03  2.024721358e-02  1.378724153e-02  2.283696137e-02  5.910600855e-02  2.491180787e-02  1.448255897e-02  9.677453435e-03  8.275968896e-03 
 8.023121740e-03  9.928726987e-03  1.272630421e-02  1.788951666e-02  6.889896939e-03  2.491180787e-02  5.204007000e-02  2.826326754e-02  2.204447789e-02  1.935053893e-02 
 6.687454096e-03  9.620514197e-03  9.194750934e-03  1.594929698e-02  7.674568307e-03  1.448255897e-02  2.826326754e-02  4.639235747e-02  3.013769348e-02  2.589162070e-02 
 5.798572460e-03  9.111993799e-03  7.416464756e-03  1.429673153e-02  9.030666789e-03  9.677453435e-03  2.204447789e-02  3.013769348e-02  4.198073752e-02  2.877378919e-02 
 5.209721166e-03  8.487804942e-03  6.516247797e-03  1.312644841e-02  8.553466259e-03  8.275968896e-03  1.935053893e-02  2.589162070e-02  2.877378919e-02  3.830970308e-02 
