 1.259115627e-01  1.484358511e-02  1.560902056e-02  8.138323608e-03  6.480589309e-03  4.880200366e-03  3.787810648e-03  3.292508218e-03  2.802756194e-03  2.414100140e-03  2.190596494e-03  2.026643873e-03  1.892128733e-03 
 1.484358511e-02  9.929835540e-02  1.340891625e-02  1.654895433e-02  8.991140418e-03  7.107574040e-03  5.878919539e-03  4.529640005e-03  3.947033140e-03  3.474016626e-03  3.136989591e-03  2.863370354e-03  2.647474985e-03 
 1.560902056e-02  1.340891625e-02  8.184934181e-02  1.173739205e-02  1.549504176e-02  9.141555686e-03  6.687809567e-03  6.328654343e-03  4.928730262e-03  4.012348984e-03  3.690572387e-03  3.473084682e-03  3.269487532e-03 
 8.138323608e-03  1.654895433e-02  1.173739205e-02  6.951277744e-02  1.071736891e-02  1.367923591e-02  9.497861835e-03  6.034515853e-03  6.064474051e-03  5.194607714e-03  4.433613238e-03  3.900598598e-03  3.556202670e-03 
 6.480589309e-03  8.991140418e-03  1.549504176e-02  1.071736891e-02  6.031906852e-02  1.046766018e-02  1.173018606e-02  1.033277480e-02  5.960993713e-03  5.019125371e-03  5.134981474e-03  4.959701076e-03  4.651535395e-03 
 4.880200366e-03  7.107574040e-03  9.141555686e-03  1.367923591e-02  1.046766018e-02  5.320367895e-02  1.119353755e-02  9.646692489e-03  1.059473104e-02  6.933764031e-03  4.942194828e-03  4.332333304e-03  4.175820807e-03 
 3.787810648e-03  5.878919539e-03  6.687809567e-03  9.497861835e-03  1.173018606e-02  1.119353755e-02  4.759316021e-02  1.287972476e-02  6.648284941e-03  8.999858295e-03  8.393814582e-03  7.014702474e-03  5.928805014e-03 
 3.292508218e-03  4.529640005e-03  6.328654343e-03  6.034515853e-03  1.033277480e-02  9.646692489e-03  1.287972476e-02  4.310982326e-02  1.354577505e-02  4.260775111e-03  6.606654862e-03  7.743530875e-03  7.747021998e-03 
 2.802756194e-03  3.947033140e-03  4.928730262e-03  6.064474051e-03  5.960993713e-03  1.059473104e-02  6.648284941e-03  1.354577505e-02  3.927719246e-02  1.382812874e-02  5.692768047e-03  3.758755343e-03  4.564375991e-03 
 2.414100140e-03  3.474016626e-03  4.012348984e-03  5.194607714e-03  5.019125371e-03  6.933764031e-03  8.999858295e-03  4.260775111e-03  1.382812874e-02  3.590739237e-02  1.825870590e-02  1.092241842e-02  6.908998464e-03 
 2.190596494e-03  3.136989591e-03  3.690572387e-03  4.433613238e-03  5.134981474e-03  4.942194828e-03  8.393814582e-03  6.606654862e-03  5.692768047e-03  1.825870590e-02  3.332252271e-02  1.960489237e-02  1.493179607e-02 
 2.026643873e-03  2.863370354e-03  3.473084682e-03  3.900598598e-03  4.959701076e-03  4.332333304e-03  7.014702474e-03  7.743530875e-03  3.758755343e-03  1.092241842e-02  1.960489237e-02  3.112799318e-02  1.984936916e-02 
 1.892128733e-03  2.647474985e-03  3.269487532e-03  3.556202670e-03  4.651535395e-03  4.175820807e-03  5.928805014e-03  7.747021998e-03  4.564375991e-03  6.908998464e-03  1.493179607e-02  1.984936916e-02  2.921013132e-02 
