 1.206128503e-01  1.604483261e-02  1.899622925e-02  1.086231216e-02  9.617002303e-03  8.096538199e-03  6.316754459e-03  5.784081113e-03  5.300412813e-03  4.786974024e-03  4.361600956e-03 
 1.604483261e-02  9.408257602e-02  1.420035982e-02  2.139974464e-02  1.252899385e-02  1.040286938e-02  1.016436774e-02  7.887588747e-03  6.492351736e-03  6.003345679e-03  5.686368722e-03 
 1.899622925e-02  1.420035982e-02  7.741032587e-02  1.209487974e-02  2.003111508e-02  1.344173875e-02  8.648173161e-03  9.811335710e-03  8.933209915e-03  7.575037634e-03  6.577946678e-03 
 1.086231216e-02  2.139974464e-02  1.209487974e-02  6.585423611e-02  1.156294204e-02  1.692826853e-02  1.472825503e-02  8.076886879e-03  7.025777125e-03  7.534068029e-03  7.527349015e-03 
 9.617002303e-03  1.252899385e-02  2.003111508e-02  1.156294204e-02  5.734209982e-02  1.261444222e-02  1.241486748e-02  1.480356545e-02  1.053108314e-02  7.280895827e-03  5.698550360e-03 
 8.096538199e-03  1.040286938e-02  1.344173875e-02  1.692826853e-02  1.261444222e-02  5.078969598e-02  1.472967708e-02  6.970346342e-03  1.168764933e-02  1.160271038e-02  1.051237553e-02 
 6.316754459e-03  1.016436774e-02  8.648173161e-03  1.472825503e-02  1.241486748e-02  1.472967708e-02  4.559253590e-02  1.686182837e-02  4.458449723e-03  5.931098377e-03  7.581649090e-03 
 5.784081113e-03  7.887588747e-03  9.811335710e-03  8.076886879e-03  1.480356545e-02  6.970346342e-03  1.686182837e-02  4.133000913e-02  1.743365923e-02  8.783470538e-03  4.774851443e-03 
 5.300412813e-03  6.492351736e-03  8.933209915e-03  7.025777125e-03  1.053108314e-02  1.168764933e-02  4.458449723e-03  1.743365923e-02  3.771034275e-02  2.043731964e-02  1.481500219e-02 
 4.786974024e-03  6.003345679e-03  7.575037634e-03  7.534068029e-03  7.280895827e-03  1.160271038e-02  5.931098377e-03  8.783470538e-03  2.043731964e-02  3.476220440e-02  2.167992843e-02 
 4.361600956e-03  5.686368722e-03  6.577946678e-03  7.527349015e-03  5.698550360e-03  1.051237553e-02  7.581649090e-03  4.774851443e-03  1.481500219e-02  2.167992843e-02  3.228822790e-02 
